5578454479
54654
53063
54408
56157
53504
46779
56153
53104
53811
53811
47869
46156
47434
46919
46919
55001
55001
55047
46929
46234
46390
54540
99690
53002
53525
48731
53219
55327
49082
49252
48767
49060
48617
78579
78589
34120
33316
33316
75078
75078
75078
33313
77978
49434
48601
62413
77533
48380
48380
78002
48198
77627
78231
78230
60061
48236
48236
33548
33548
78247
48127
78244
79783
79699
62338
76117
76117
32195
76711
79256
76673
75976
75701
77364
77412
77485
75859
75088
76248
75054
32502
78621
61884
75503
33765
60410
60410
79938
33534
33534
60964
33441
34101
33027
83815
03281
03110
33417
32701
32746
32040
60013
60085
60074
60074
32653
32145
62992
32466
32784
19975
36559
34972
34228
90220
94305
20228
06365
32966
25301
44825
01008
15201
34141
15142
70086
68635
80544
04756
67003
30334
91764
90815
90815
89146
96821
37243
42047
60642
60642
95674
96825
80018
80018
80121
77365
06770
06770
20151
20151
06379
06512
95050
95050
06478
36083
36075
94525
20032
20024
92117
35254
35235
90201
92116
91792
89120
72768
28531
01921
01844
98007
98007
77450
77545
59102
60463
60463
40204
90638
90638
98148
90620
96137
99179
60126
73089
40291
55401
97030
27615
27615
14756
98345
27607
98297
64167
64161
97492
14775
43025
82649
00841
15075
97239
94401
97266
74425
01069
85020
85020
89084
69171
24448
92104
87123
87121
87121
92342
94123
92336
58560
96932
91731
20899
20896
02457
29596
02188
02186
05682
77060
77060
17353
00751
98059
84124
84124
57449
84120
07436
07670
85704
85704
85554
07022
21237
21237
21215
85726
21236
92008
13081
11106
11432
11432
11428
28391
11421
11417
11378
95486
89509
30305
93665
93622
30291
30342
93527
94603
85120
23606
23606
23608
85339
95065
96148
94538
93458
91761
94514
94514
93252
93001
95380
85342
33109
95837
93631
90065
90065
91423
92029
95742
92782
92274
92879
91361
96134
91040
90232
90230
71749
73160
12936
06013
12484
72330
12542
10007
59725
84078
08246
25989
99371
98684
07726
07726
08054
45877
10031
73764
70819
07044
07044
12723
96950
07083
26034
10463
64865
40845
14564
14564
10314
02809
96799
74131
45433
08901
72857
11530
08093
11793
71342
13322
45303
70661
70394
12069
43232
14305
10452
65733
45242
45242
67901
10956
38769
11236
98579
81137
11789
72338
43235
44076
45620
40109
51001
43438
43749
44624
44601
44256
42602
40046
44425
30708
31023
31091
30678
30814
37166
18037
19018
19018
02664
15062
37934
30290
31321
38637
30582
30092
39601
39563
18705
19035
19035
17113
19056
42262
02152
30039
04087
38852
38138
37416
19560
19560
64734
20778
29210
29210
37680
23229
38449
22846
23314
23847
29614
50228
51649
65001
63010
63104
29935
29620
29718
29661
27827
28006
28039
28083
27013
27013
68116
27305
66713
80221
80919
66012
